
-119

-126

-121

-127

-118

-122

-121

-121

-122

-127

-119

-121

-121

-116

-119

-122

-119

-118

-124

-122

-119

-124

-125

-121

-125

-117

-124

-122

-125

-125

-122

-121

-122

-121

-121

-124

-124

-122

-125

-121

-122

-119

-118

-127

-122

-127

-122

-122

-124

-119

-121

-124

-125

-119

-125

-125

-125

-125

-127

-118

-122

-122

-122

-125

-116

-125

-127

-121

-125

-122

-122

-118

-119

-121

-119

-125

-126

-119

-122

-122

-119

-121

-116

-121

-125

-119

-118

-118

-122

-125

-121

-123

-116

-122

-121

-125

-127

-121

-121

-83

-84

-84

-84

-84

-84

-84

-83

-84

-84

-84

-84

-84

-84

-84

-84

-84

-84

-84

-84

-84

-119

-122

-122

-119

-126

-126

-127

-127

-124

-122

-127

-122

-121

-118

-126

-119

-116

-121

-122

-118

-119

-118

-124

-122

-119

-125

-121

-124

-122

-117

-121

-125

-118

-122

-121

-124

-122

-122

-119

-124

-121

-122

-122

-121

-122

-119

-121

-124

-119

-121

-125

-124

-119

-127

-124

-125

-122

-122

-122

-124

-122

-119

-122

-121

-118

-121

-122

-122

-127

-121

-122

-124

-118

-121

-125

-103

-86

-86

-86

-86

-86

-86

-86

-86

-86

-86

-86

-86

-86

-86

-86

-86

-86

-86

-86

-94

-117

-121

-122

-125

-122

-119

-121

-121

-122

-118

-119

-118

-122

-121

-124

-127

-119

-122

-125

-118

-122

-122

-119

-118

-119

-121

-118

-122

-122

-118

-122

-119

-119

-122

-122

-121

-119

-119

-122

-118

-124

-125

-121

-124

-116

-125

-116

-121

-127

-121

-122

-124

-122

-124

-121

-127

-122

-125

-121

-116

-126

-